701	0.994505
470	0.82732
471	0.977778
430	0.998534
472	0.917969
431	0.996466
432	1
473	0.947826
433	0.966667
474	0.985689
475	0.995434
434	0.905797
160	0.977995
709	0.988304
476	0.978151
435	0.986755
161	0.966102
120	0.997664
121	0.987097
162	0.944785
477	0.979757
436	0.991597
478	1
437	0.990868
163	0.983766
122	0.994429
164	1
479	0.985714
438	0.962025
123	0.987539
439	0.948387
165	0.995549
124	0.991011
166	0.992243
125	0.996146
126	0.948617
167	0.954774
168	0.944134
127	0.992509
128	0.972851
169	1
129	0.996979
fulfillment_location	0
591	0.978208
550	0.980687
510	1
551	0.981221
592	1
593	1
552	0.896714
511	0.980769
553	0.945513
512	0.983193
594	0.996241
280	0.961424
513	0.989283
595	0.951168
554	0.967532
596	0.989474
555	0.986301
240	0.996
281	0.94052
514	0.986364
515	0.997033
200	0.974648
241	1
282	0.949153
597	0.946349
556	0.952381
557	0.982639
516	0.965517
283	0.974886
242	0.96587
201	0.978022
598	0.99446
202	0.990814
558	1
517	0.977528
599	0.981744
284	0.995392
243	0.991354
518	0.941176
244	0.964706
285	1
203	0.990783
559	0.989474
204	1
286	0.997636
519	1
245	0.996454
205	0.921162
287	0.996364
246	0.998739
288	0.994667
247	0.974299
248	0.987931
207	0.907336
289	0.95
249	0.917197
208	0.99639
209	0.985836
670	0.975232
671	0.965368
672	1
673	0.957143
674	0.983165
360	0.991968
675	0.985549
676	0.977737
361	0.955112
362	1
321	0.981077
678	0.995614
363	0.991429
322	0.960396
323	1
364	0.991342
679	1
090	0.995506
324	0.978892
050	0.992629
365	0.987288
091	0.988072
051	0.961929
010	0.959032
092	0.996795
325	0.969136
011	0.976812
367	0.994667
052	0.884106
093	0.995025
326	0.976378
368	0.934066
053	0.994135
012	0.961279
094	0.966387
327	0.994329
328	0.976939
369	0.996835
054	0.934211
013	0.986755
329	0.976526
055	0.994845
014	0.971134
096	0.981675
015	0.959906
056	1
097	0.996815
057	1
016	0.994587
098	0.992424
099	0.976852
017	0.949367
058	0.992126
059	0.980392
018	0.976589
019	0.923706
480	0.979769
481	0.981308
440	0.974406
482	1
441	0.988473
400	0.996599
483	0.995833
442	1
402	0.977346
443	0.981949
484	0.995316
403	0.983784
444	0.966197
170	0.985637
171	0.960159
404	0.996063
486	0.992958
445	0.95122
130	0.977369
131	0.961672
487	0.975779
446	0.997619
172	1
405	0.98995
406	0.993569
447	0.997602
488	0.947475
173	1
132	1
448	1
174	0.994698
407	0.984848
133	1
449	0.949749
175	0.980676
408	0.981238
134	0.946032
409	0.984772
176	0.997546
135	0.976589
178	1
137	0.945295
179	0.990893
138	0.996416
139	0.959847
560	0.988848
520	1
561	0.991304
562	0.99537
521	0.916667
563	0.995614
522	0.961877
564	0.914754
290	0.997543
523	0.977778
565	1
291	0.997797
524	0.965318
250	0.976636
210	0.998584
566	0.967181
292	0.99639
525	0.963816
251	0.971223
526	0.935673
293	0.99435
252	0.888298
211	0.949405
568	1
294	0.957486
527	0.980769
212	0.978947
213	0.868132
569	0.993893
528	0.996094
254	0.959248
529	0.996923
296	0.981413
255	0.961806
214	0.990175
215	0.963855
256	0.997275
297	0.930612
298	0.95935
216	0.927711
257	1
299	1
258	0.976909
259	0.990403
681	1
682	0.98556
600	1
683	0.97669
684	0.973333
370	0.987705
685	0.979821
686	0.966967
371	0.974843
330	0.974425
687	0.959746
372	0.992624
331	0.988453
688	0.960474
373	0.979499
332	0.979358
689	0.995633
374	0.981481
333	0.962733
060	0.992788
375	0.970297
334	0.972973
376	0.981395
335	0.988235
061	0.998626
020	0.987616
336	0.847134
062	0.982818
021	1
377	1
378	0.967667
337	0.968831
063	1
022	0.979839
023	0.952381
379	0.987544
338	0.94362
064	0.98939
065	0.961969
339	0.99187
024	0.964286
066	0.995062
025	0.990909
067	0.985981
026	0.996716
068	0.986842
027	0.97351
069	0.960217
028	0.965928
029	0.984091
450	0.973384
451	0.98583
410	0.978799
452	0.99384
411	0.979253
453	0.930864
412	0.981928
454	0.993641
180	0.969512
413	0.958333
181	0.89899
414	0.985677
455	0.979253
140	0.965289
182	0.98827
415	0.906728
100	0.953804
456	0.952381
141	1
457	0.975779
142	0.986425
183	0.974922
416	0.931429
143	0.938719
102	0.927473
458	0.94152
184	0.994465
417	0.988532
185	0.935275
144	0.930275
459	1
418	0.971047
103	0.968109
186	0.972705
419	0.981132
145	1
104	1
187	0.982036
146	0.985759
105	0.993311
188	0.995633
147	0.995399
106	0.986395
189	0.933985
149	0.883549
108	0.979716
570	0.995434
571	0.977848
530	0.996795
531	0.996503
572	1
532	1
573	0.970149
574	0.981413
533	1
260	0.98722
575	1
534	0.994253
535	0.993485
261	0.966042
576	0.978528
262	0.969267
221	0.997101
577	0.927753
536	0.887701
578	0.971264
537	0.941176
263	0.996104
222	0.942177
264	0.962687
223	0.995012
579	0.897527
538	0.973244
265	1
539	0.960938
224	1
225	0.95288
266	0.990512
267	0.982646
268	0.981413
227	0.97493
228	1
269	0.972056
229	0.96875
690	0.868878
691	0.979798
650	0.993039
692	0.983539
651	0.995169
652	0.977528
693	0.966077
694	1
695	1
654	0.995146
380	0.983607
696	1
340	0.975089
655	0.931907
381	0.935262
341	1
697	0.994845
382	0.959184
656	0.932735
342	0.978916
301	1
657	0.991957
383	0.984762
302	1
343	0.981183
699	0.95702
658	0.991632
384	0.975155
070	0.936639
385	0.995041
659	0.992208
344	0.996512
386	0.967213
030	1
345	0.985882
304	0.99187
072	0.963746
346	0.912281
387	0.940928
031	0.99262
073	0.972414
306	0.983133
032	1
388	0.923358
347	0.904509
033	0.921502
389	0.982301
348	0.943775
074	1
307	0.951807
349	0.970909
075	0.93177
035	0.996979
076	0.981132
309	0.995833
036	0.982258
077	0.997925
037	0.997674
078	0.909897
038	0.998198
039	0.967059
460	0.981818
461	0.987915
420	0.96
462	0.967811
421	0.965116
463	0.96587
422	0.975482
190	0.944162
464	0.969697
423	0.984934
465	0.940678
424	0.983834
150	0.963134
425	0.99162
466	0.996063
192	0.990123
151	0.871667
110	0.99798
426	0.9941
467	0.964876
193	0.995122
152	0.995204
111	0.991957
468	0.963899
427	1
153	0.998988
112	0.98081
469	0.962963
154	1
428	0.996764
113	0.996364
429	0.833333
155	0.986547
114	0.904959
196	0.983389
197	1
156	0.945946
115	0.967742
198	0.996198
157	1
116	0.986667
117	0.989831
199	0.921569
158	0.993902
159	0.993846
118	0.903509
119	0.963696
580	0.981013
540	0.959559
581	0.989583
541	0.975
500	0.954839
582	0.997669
542	0.949153
583	0.987692
501	0.95534
584	0.971429
543	0.990291
502	0.994264
270	0.982456
585	1
544	0.996183
503	0.97482
504	0.8125
271	0.971429
230	0.97551
586	0.927063
545	0.990196
587	0.994624
546	0.967949
272	0.994792
505	0.998369
231	0.988889
232	0.965318
588	0.986301
506	0.990632
547	0.988701
273	0.981289
589	1
548	0.997001
274	0.985646
507	0.962704
233	0.949153
549	0.922018
275	0.981445
508	0.966825
234	0.97733
276	0.972222
509	0.985075
235	0.993399
277	0.917883
236	1
278	0.988235
237	0.986547
238	1
239	0.988732
660	0.977778
661	0.995868
662	1
663	0.996032
664	0.986239
390	0.902326
350	0.991379
391	0.945122
665	0.979879
351	0.996324
666	0.977376
392	0.973822
310	0.990783
667	0.98374
393	0.971787
352	0.958637
311	0.98731
353	0.993724
312	0.985882
668	0.984663
394	0.983051
080	0.949772
669	0.932292
395	1
354	0.985714
313	0.876786
040	0.996622
081	0.984674
396	0.978448
355	0.983871
315	0.944954
082	0.990506
041	0.969072
397	0.952261
356	0.990177
316	0.945161
357	0.980769
083	0.980716
042	0.984749
001	0.975871
084	0.956376
002	0.988593
358	0.994962
399	0.967552
043	0.974504
317	1
003	0.957265
044	0.994505
085	0.985294
359	0.995413
318	0.934292
086	0.962877
319	0.990354
045	0.98
004	0.903002
005	0.95612
087	0.969799
046	0.971292
088	0.957364
047	0.964158
006	0.992443
089	0.984547
048	0.977041
049	0.996732
008	0.960606
009	0.987562
