701	1269
470	4499
471	1877
430	2697
431	1648
472	1694
473	418
432	1414
474	3045
433	1104
434	589
475	2475
160	1449
435	1562
476	2299
709	2844
161	1865
120	1736
121	1175
477	886
162	976
436	2300
437	925
478	919
163	1395
122	1570
438	1208
479	1442
164	1325
123	3405
165	2016
439	947
124	2765
166	9734
125	3357
167	977
126	1464
168	793
127	7117
128	954
169	3535
129	2577
591	1791
550	2484
592	1715
510	1557
551	3251
552	1193
593	1118
511	1415
553	1567
594	1051
512	1172
280	1624
513	4658
595	2112
554	2505
514	1787
596	291
281	1607
240	882
555	841
556	1023
515	1283
282	1245
241	1052
200	1538
597	4551
516	719
557	1188
283	2894
242	1188
201	1780
598	1753
558	614
599	1937
284	1027
517	1522
243	2932
202	3036
518	391
559	1038
244	870
285	683
203	704
286	1283
519	1821
245	1089
204	962
287	1017
246	4207
205	1653
288	1412
247	1943
289	1118
248	2178
207	2771
249	2365
208	3070
209	1253
670	1418
671	1028
672	8370
673	1529
674	1007
675	1096
360	925
320	10
676	2097
361	1552
362	626
321	2759
678	1183
363	1281
322	1830
323	1232
364	760
090	1716
679	1812
050	1763
365	1649
091	2253
324	1816
325	1973
051	1536
010	7649
092	1129
052	6628
011	1469
367	1219
093	1263
326	1085
368	812
053	1275
012	3045
094	1505
327	2813
328	2938
054	5319
013	1188
369	1566
329	902
096	1392
055	1829
014	2727
015	2912
056	1227
097	1261
057	1019
016	3375
098	1391
058	1369
017	2133
099	770
059	2235
018	1202
019	2055
480	1458
481	6709
440	2402
482	686
441	1542
400	1276
483	1472
442	1030
443	1069
484	5865
402	1116
444	1860
403	833
170	2386
445	904
404	2340
486	3238
171	1138
130	3956
131	1491
172	937
487	1445
446	2287
405	1735
173	1178
488	2360
447	1597
406	1801
132	2016
448	709
174	6139
407	1695
133	1709
449	959
408	2415
175	1748
134	1988
176	3955
409	1534
135	1035
137	2602
178	4815
138	1021
179	3261
139	2564
560	1298
520	498
561	1899
521	581
562	1598
522	1305
563	961
564	1666
290	5750
523	1053
524	1645
565	2252
291	4484
250	3298
525	1601
251	1188
566	2748
292	3580
210	2420
526	1399
293	1138
252	3274
211	1848
568	1372
294	2878
527	1472
212	1548
213	2492
569	4693
528	1258
254	2875
296	992
529	1702
255	1588
214	5136
256	2460
297	1646
215	768
298	569
257	1781
216	1562
258	2472
299	1442
259	1913
681	1279
600	15394
682	951
683	1755
684	4045
370	1450
685	9001
686	1244
371	1332
330	1858
687	2545
372	8442
331	2358
688	1274
373	1704
332	1639
689	1009
374	1034
333	1747
375	2362
334	2999
060	1886
061	2831
376	873
335	847
020	1132
021	1045
377	1040
336	1371
062	1655
378	1893
337	2007
063	2131
022	2395
338	2356
379	3514
064	2220
023	1330
339	1098
024	1719
065	1638
066	1693
025	1611
067	1046
026	2615
027	1096
068	4702
069	3085
028	4344
029	2854
450	2792
451	1770
410	1156
411	978
452	1869
453	2271
412	4228
413	1710
454	3986
180	1482
181	1211
455	1290
414	3343
140	3694
456	1182
182	1294
415	6203
141	4247
100	3486
457	1064
183	1387
416	4950
142	1888
102	3294
458	1502
184	1922
417	1943
143	5905
459	2611
185	1822
418	2079
144	3819
103	5293
419	1400
186	1627
145	1274
104	1376
187	746
105	1221
146	4627
188	4088
147	3613
106	1936
189	2718
108	1985
149	5804
570	2053
530	1088
571	1227
531	1065
572	1709
532	1230
573	2338
533	1607
574	2383
534	1314
260	1752
575	968
261	5901
576	2710
535	1787
536	1553
262	3031
221	1747
577	8657
263	5269
537	533
222	2712
578	2243
538	1465
223	1473
264	2014
579	2757
224	1287
539	499
265	1348
225	840
266	2589
267	1709
268	960
227	1496
228	1123
269	6319
229	1234
690	10690
691	1280
650	1756
651	997
692	1741
652	801
693	2607
694	1173
695	601
654	1350
380	817
381	3988
696	739
655	7945
340	4315
341	467
697	772
656	966
382	1485
342	1474
301	988
657	1630
383	2634
384	1704
343	2735
699	1741
302	1665
658	1063
659	1345
344	3791
070	1837
385	2741
345	2970
386	593
304	1676
030	1895
387	2142
031	2772
072	1488
346	1662
388	1633
306	1520
032	855
347	2493
073	2740
033	2321
389	1748
348	1644
074	3674
307	5623
349	2747
075	2179
076	3679
309	839
035	1748
036	3602
077	2270
037	1999
078	3319
038	1743
039	1976
460	1683
420	2052
461	1360
421	1145
462	2967
422	2532
463	1407
464	2494
423	2289
190	1208
150	2720
465	1207
424	2473
192	2022
425	1227
110	1957
466	1798
151	4367
193	766
111	1424
467	2579
426	1382
152	1479
153	3359
468	1150
427	1234
112	2211
154	668
113	2145
469	1111
428	1175
196	1338
429	5704
155	3922
114	3759
115	1228
197	1256
156	1232
198	875
157	851
116	2228
199	4650
117	1086
158	2789
159	2375
118	11264
119	1530
580	1421
581	948
540	1397
541	538
582	1494
500	1680
542	593
583	1314
501	6306
543	1067
584	1372
502	1794
270	1456
585	1216
544	2589
503	1197
271	2392
586	3666
545	3493
504	3350
230	1579
231	2143
546	2031
272	2711
587	2164
505	2455
232	653
547	654
588	955
506	1691
273	2199
589	854
548	3113
274	795
507	2414
233	4231
549	2445
275	5418
508	1035
234	1569
276	1162
509	1158
235	7285
277	3872
236	2485
278	798
237	2312
238	1408
239	1763
660	927
661	2038
662	1126
663	971
664	804
390	1689
665	2430
391	1556
350	1123
310	2289
666	1835
392	1431
351	1197
393	1257
667	1919
352	1873
311	1968
668	1511
394	2119
353	3241
312	1462
354	940
669	3204
395	1308
080	1024
313	6576
040	1484
396	1502
355	1596
081	1110
397	2323
041	665
082	1204
356	1872
315	2118
316	1441
357	1738
083	1686
042	2162
001	1539
317	1089
043	1349
084	1499
399	1618
358	1485
002	1115
044	847
359	893
318	3807
085	1498
003	1766
086	2493
319	1879
045	1649
004	2597
087	1180
046	1830
005	2261
006	1369
088	1093
047	1240
089	2427
048	1648
008	1484
049	1409
009	1576
