01070	0.815671
01071	0.728994
01030	0.840426
01072	0.669925
01031	0.691446
065399	0.953846
01073	0.789474
01306	0.849402
01032	0.670342
01033	0.785226
01074	0.567308
047094	1
01308	0.813472
01034	0.789593
01075	0.849455
061046	0.998108
01076	0.819549
043096	1
01077	0.77381
01036	0.728586
032734	1
01037	0.84597
01078	0.875209
003388	0.994286
01079	0.785757
054454	1
054413	1
01039	0.678481
054145	0.95
054146	0.987603
000962	0.992787
008964	1
004610	0.988636
029294	1
000695	0.957983
066043	1
008341	1
008301	1
03110	0.911877
03112	0.901376
03113	0.946667
055411	1
055412	1
000307	1
03116	0.942373
000308	0.992481
03117	0.953947
008076	0.84083
03118	0.933464
000036	0.998604
00770	0.764988
063350	1
00772	0.708381
00731	0.772007
001650	0.997436
049320	1
fulfillment_location	0
00775	0.696581
00420	0.8294
064473	1
00421	0.793695
060707	0.991597
00778	0.841321
00422	0.79165
067357	1
064160	0.883721
00190	0.74928
00423	0.694942
00464	0.71939
041092	1
005697	1
00424	0.779015
00739	0.774765
00191	0.881497
00150	0.867477
00425	0.759519
00466	0.744822
00151	0.813656
00110	0.89783
00426	0.748329
00193	0.789637
00111	0.85
045369	1
001385	1
009659	0.996466
00427	0.794346
00468	0.784615
00153	0.787817
00112	0.835443
00195	0.791349
00154	0.892163
020141	0.998415
009031	1
00196	0.753921
00114	0.769866
041016	1
020416	0.9875
00156	0.870298
009307	1
031854	0.966667
00157	0.758727
00199	0.612513
00117	0.764192
00158	0.784615
057807	0.944444
053889	1
00118	0.773605
00159	0.813397
00119	0.815936
009037	1
053577	1
050340	1
006922	0.955882
01420	0.733675
003771	0.993827
01421	0.717514
047442	1
01190	0.864926
065435	0.983402
01191	0.781211
01192	0.899859
01110	0.609471
01111	0.796324
01193	0.894022
003777	1
01194	0.697222
01112	0.861626
01195	0.717557
01113	0.760083
01196	0.861267
01114	0.761039
006032	0.997881
01115	0.792069
01197	0.836111
058572	0.995745
01116	0.71792
058573	1
01199	0.739468
01118	0.791059
01119	0.830317
044441	0.925926
000462	0.999372
004421	1
048447	1
004191	0.966805
000465	0.992176
034931	1
004425	1
000466	0.989111
000151	1
004194	0.991856
000113	0.992126
056612	1
004155	0.992453
004159	0.998353
008118	0.999101
004119	0.992337
059267	1
056033	1
056076	1
001771	1
002890	1
00271	0.810875
00230	0.763158
063165	1
00272	0.589744
049489	1
00232	0.818677
00273	0.726034
009424	0.96
00274	0.671429
00233	0.951645
00275	0.869458
00234	0.757773
00276	0.76161
00235	0.6496
00236	0.72104
00277	0.831377
00237	0.824384
00278	0.751217
002506	0.993363
002588	0.958333
00279	0.6593
00238	0.742553
001114	0.998465
001197	0.966003
039663	1
038271	1
002279	1
002239	0.9375
057078	1
05500	0.886377
05502	0.912646
047563	1
05503	0.889843
01270	0.827586
05504	0.904498
01271	0.918288
01230	0.917513
05505	0.909405
01272	0.626559
01231	0.819038
01232	0.85337
01273	0.580588
043526	1
01274	0.658097
043527	0.987013
01275	0.731777
05508	0.923615
01234	0.916414
01276	0.76725
05509	0.856209
01277	0.68272
01236	0.891074
003272	1
058652	1
01278	0.777032
01237	0.734572
01239	0.782413
033741	1
006158	1
036317	0.995074
044520	1
000810	0.997911
066596	1
004500	1
000544	0.994441
03080	0.949062
004505	0.992366
03040	0.961652
03043	0.936937
070140	1
03089	0.955836
056191	0.967213
00932	0.813674
055038	0.9375
00933	0.789216
00935	0.727273
064947	1
00621	0.6875
00936	0.81549
00662	0.846154
00622	0.7713
04622	0.845039
001540	1
00390	0.776048
00623	0.746853
00624	0.769806
002660	1
04625	0.808364
00310	0.799096
00393	0.578256
001543	1
001817	0.997732
00667	0.746939
00626	0.648438
00311	0.864756
04626	0.761011
00668	0.724543
00312	0.77
067206	1
00669	0.622824
00395	0.884724
00628	0.723816
00080	0.736749
00313	0.775807
009231	0.998698
00629	0.80888
00396	0.878345
00081	0.704103
00397	0.832237
00082	0.770637
00315	0.733503
00316	0.81125
00001	0.878397
00042	0.771765
00398	0.861509
00083	0.657944
001275	1
00002	0.791169
00399	0.812377
00317	0.925532
00085	0.77312
00318	0.795154
00319	0.680757
00086	0.693541
00004	0.853989
005278	0.978523
038666	1
00087	0.848395
00006	0.724818
031704	1
00048	0.825613
00089	0.869658
00007	0.727204
020036	1
068827	0.981132
006853	1
003972	0.984064
01310	0.810417
01311	0.884768
01080	0.792336
01081	0.850598
01040	0.823816
01082	0.777366
01315	0.891161
01041	0.68
01000	0.847082
01083	0.758956
01042	0.837647
01001	0.718788
01084	0.686709
01317	0.812151
01002	0.685753
01044	0.798005
01085	0.920763
01318	0.775787
01086	0.766623
01045	0.787293
006237	1
01046	0.786757
01087	0.836597
01005	0.923218
01047	0.873218
01006	0.848938
01089	0.813874
01048	0.76632
01007	0.791696
01049	0.63587
033865	0.974232
003045	1
048910	0.948454
062905	1
048641	1
000937	1
048336	1
000312	1
03121	0.892208
008314	0.994863
037703	0.983051
034862	0.988
000041	1
000083	0.993853
070221	1
005970	1
041640	1
00780	0.8
052278	0.954286
00740	0.706691
00781	0.823564
00782	0.815294
00783	0.727941
00784	0.862924
00702	0.781638
00743	0.867267
001935	1
00703	0.810345
00471	0.817548
00704	0.829861
060757	1
00705	0.911073
00431	0.795222
002741	0.999886
00706	0.747748
00432	0.706474
009665	0.75
00748	0.650177
00434	0.831384
00160	0.80649
00475	0.8402
063369	1
001393	0.998061
009393	1
00709	0.721519
00476	0.754587
00435	0.75463
00161	0.704545
063055	0.981132
00162	0.760741
00436	0.654206
00121	0.816514
00437	0.702825
00163	0.805627
042416	1
049024	1
00438	0.746955
00164	0.852865
00123	0.733333
050972	1
001356	1
00165	0.638484
001041	0.999479
00125	0.817957
00166	0.841694
001358	1
00126	0.814757
00127	0.603933
00168	0.824292
060139	1
039510	0.988304
00169	0.74613
00128	0.736653
00129	0.84432
01160	0.921447
01161	0.787282
01120	0.822497
01121	0.701735
01162	0.893761
01122	0.819574
01163	0.850275
01164	0.817449
01124	0.873855
01165	0.883369
006042	0.999094
01125	0.795062
01167	0.864929
01126	0.808333
032865	1
01127	0.828402
01168	0.692399
01169	0.817016
01129	0.731988
062713	1
000780	1
069010	0.963504
000744	0.967742
004785	0.902736
004471	1
059892	1
048496	0.981308
040729	1
008746	0.975
055580	1
03201	0.924107
056973	0.944737
008749	1
03203	0.911576
000121	0.998994
004436	0.998843
034947	1
004126	1
004129	1
00821	0.990942
00822	0.974721
00280	0.728293
001746	0.890784
00240	0.740779
00241	0.789148
00282	0.764992
031980	1
009707	1
00201	0.847569
00283	0.785676
00242	0.882066
00284	0.776
00202	0.76738
00243	0.837976
00285	0.648791
00244	0.878104
00203	0.781395
042264	1
005121	0.99711
00245	0.830472
00204	0.750471
009122	0.995169
00287	0.698779
00205	0.728587
005123	0.99005
005164	1
00288	0.731156
00247	0.763624
00206	0.741463
002598	1
00289	0.666274
00207	0.746154
00208	0.799385
053624	0.993631
00209	0.73913
001169	0.999153
006781	1
05510	0.882252
05511	0.82716
003862	1
05512	0.911239
05513	0.892903
006787	1
01281	0.837269
01240	0.775974
05514	0.935447
01282	0.705541
01241	0.802959
01200	0.820116
01283	0.818024
01242	0.903656
01201	0.807042
01202	0.865116
01243	0.880631
046145	0.974522
01244	0.784672
01285	0.892911
046188	1
01246	0.768519
01205	0.876859
006164	1
01247	0.765389
01206	0.896527
051781	1
01289	0.757348
01207	0.65222
01208	0.82772
01209	0.818813
036674	0.875
043229	1
058087	1
058088	1
000590	1
008590	0.9
008865	1
008551	0.956522
008552	1
004827	1
03090	0.936242
037670	0.992806
008515	0.999124
029157	1
03093	0.878706
055626	1
008207	1
03017	0.919403
034444	0.9625
00670	0.82659
00671	0.691139
00672	0.677922
00631	0.885714
00673	0.795872
00633	0.813296
00674	0.772848
042927	1
00634	0.735294
00675	0.813084
00360	0.827178
001867	1
042928	1
009826	1
00320	0.833175
00676	0.896503
00635	0.855622
001512	0.904762
005827	0.973684
00321	0.679198
00362	0.818571
00677	0.877354
00636	0.830275
001280	0.993289
049579	0.980392
00637	0.698246
00322	0.719844
00363	0.766709
00678	0.815303
005281	1
001829	1
00679	0.713514
00090	0.655844
00638	0.801165
00323	0.845401
00364	0.765811
00324	0.796923
00365	0.814548
00050	0.75312
00639	0.831386
041226	1
00325	0.802956
00366	0.780198
00326	0.695035
001558	0.986547
00093	0.797867
00327	0.825986
00094	0.806349
001204	0.988864
00369	0.813209
00328	0.839275
00329	0.778857
00014	0.801733
00096	0.800578
00097	0.813898
00015	0.788631
00016	0.798531
00098	0.655471
00017	0.854491
00099	0.673932
00019	0.77561
053165	1
038058	0.971014
003982	0.72
003942	0.996853
028859	1
01322	0.881818
01090	0.772288
01324	0.697938
01092	0.665396
01010	0.768997
01325	0.622348
003909	1
01011	0.753876
01093	0.734584
01012	0.798848
01013	0.829141
01095	0.838751
047033	0.988113
01329	0.797678
01096	0.80627
043349	1
01015	0.774825
01098	0.797896
01016	0.829457
01099	0.81014
01017	0.740775
01018	0.904866
01019	0.74895
062370	1
048697	1
004988	1
004360	0.666667
008949	0.998862
008363	1
000090	1
000052	1
000093	0.997743
008328	1
056553	1
008057	1
004018	0.988506
034252	1
037449	1
063915	0.909091
009941	1
00750	0.885057
00751	0.926581
00793	0.836777
00711	0.890699
009985	1
00753	0.868673
060724	1
00713	0.615207
00795	0.763185
00754	0.812413
060725	1
009672	1
00714	0.681604
00440	0.595412
00755	0.678344
04400	0.829452
00756	0.756003
00798	0.854478
00442	0.816941
00717	0.764368
00443	0.86485
00170	0.822939
00718	0.824704
038750	0.979933
00719	0.866836
00171	0.84375
00130	0.811034
009678	1
001637	0.993377
00131	0.885417
00405	0.777333
00173	0.804598
00447	0.831422
00132	0.830554
002442	0.8
00407	0.74415
00174	0.896689
00448	0.777884
00133	0.794272
009366	0
00408	0.775605
00449	0.695652
00175	0.83541
002444	1
020436	0.972973
00135	0.795571
00176	0.847651
00409	0.830266
00177	0.761783
005369	1
002172	1
00178	0.860404
00179	0.745
009057	0.998403
046610	1
046611	1
068331	0.5
039219	0.966667
01400	0.721675
047461	1
01401	0.761137
043736	1
01402	0.790258
01403	0.710195
01170	0.785526
01130	0.805539
01171	0.854997
01404	0.747798
01131	0.877745
01405	0.815789
01173	0.843537
01406	0.825023
01132	0.766908
01407	0.822201
01133	0.808968
006010	0.99543
01175	0.802469
01408	0.798839
01134	0.834606
01176	0.822598
01409	0.732984
01135	0.804637
01136	0.808511
01177	0.698254
006013	0.991525
01137	0.872818
01178	0.906667
006014	0.98913
01179	0.758621
01138	0.888285
006056	1
054869	1
01139	0.88541
006058	0.993639
069912	1
033643	1
033644	1
069683	1
069684	1
069686	1
069061	1
069062	1
000440	1
000796	0.982721
008714	0.997748
000481	1
004717	0.818182
052942	0.999015
000485	1
034951	1
004404	0.997143
000489	1
000137	1
063723	1
052055	1
056014	1
009790	0.979592
009791	1
005791	1
009751	1
009710	1
001751	0.998074
00290	0.719728
00291	0.78855
005401	1
00252	0.864396
00293	0.861783
009718	1
00253	0.888186
00294	0.769049
002837	0.995699
00295	0.723858
00254	0.82699
00213	0.7771
00214	0.771749
00255	0.734293
009132	0.927536
00215	0.764354
00256	0.849333
00298	0.69967
00216	0.797972
020203	1
00299	0.752809
00258	0.837259
00217	0.834579
00218	0.803167
00219	0.867009
001139	1
043890	1
047892	1
05521	0.829323
025591	1
05523	0.856476
05524	0.879772
01291	0.787166
01292	0.804008
01212	0.865661
01295	0.770224
01296	0.901408
01215	0.813428
01216	0.869083
01217	0.843967
046119	1
01218	0.747887
01219	0.799124
006179	1
051489	0.997647
040500	1
000833	0.994565
000835	0.955224
048508	1
055091	1
000219	0.989055
037648	1
063840	1
052404	1
052132	1
034414	0.984375
052407	1
00681	0.851902
00641	0.763187
00682	0.834921
04600	0.69856
00683	0.72619
04601	0.801594
00684	0.683732
00643	0.765054
00602	0.974967
009835	0.98208
00685	0.853403
00644	0.887029
04603	0.726569
00330	0.789934
00604	0.785124
00645	0.818182
00686	0.841658
04604	0.793536
00646	0.856471
00687	0.753684
00331	0.755926
04605	0.825958
00332	0.774679
00688	0.832111
00373	0.829538
001291	1
00607	0.885463
00333	0.754242
00689	0.779598
04607	0.629931
00375	0.75286
00334	0.731626
04608	0.852207
057750	0.967742
00609	0.79198
00376	0.841136
00335	0.747858
04609	0.792055
00336	0.728947
009212	1
00377	0.737605
053793	1
00337	0.834936
00063	0.765542
00022	0.821229
031720	1
002373	1
002606	1
00023	0.693674
00338	0.767289
00064	0.805905
00024	0.819225
038330	1
00066	0.82767
00026	0.775546
00028	0.853077
002379	1
057449	0.958333
003950	0.988343
006835	0.8125
01330	0.824427
01331	0.89606
01332	0.825796
003957	0.960784
01333	0.862012
01334	0.790988
01060	0.842275
006567	1
01020	0.852707
01062	0.777872
01021	0.866904
01022	0.763103
01064	0.724051
01023	0.84141
01024	0.871111
01065	0.844444
01025	0.741287
01066	0.84
043319	0.991667
01026	0.795918
01067	0.856522
01068	0.681159
01027	0.789717
01069	0.765318
01028	0.768116
01029	0.808011
066384	1
048351	1
004683	0.823529
008603	0.875
029244	1
000686	0.998925
008648	1
004335	1
000062	0.993427
03104	0.926606
008337	1
008378	0.993902
03105	0.967638
070241	1
03108	0.902574
055407	1
056214	1
001950	1
00760	0.857301
005953	1
00721	0.810445
00722	0.902913
00763	0.854345
00764	0.84774
001682	0.913043
00450	0.780609
00451	0.836601
00726	0.878566
00452	0.773628
00411	0.789928
005959	0.875
00727	0.850682
00412	0.756423
00728	0.750865
00413	0.697228
00454	0.791039
00180	0.76845
00181	0.728515
00414	0.751509
00729	0.927127
041083	1
00456	0.78441
00415	0.720324
002766	1
00183	0.783718
00416	0.775071
00142	0.802965
00184	0.845627
00143	0.781844
00102	0.758255
020486	1
00418	0.688209
00185	0.827329
00144	0.832595
057875	1
00145	0.727582
00186	0.843123
00419	0.815777
00187	0.856851
00105	0.715686
039844	1
00106	0.796117
00188	0.877551
00147	0.710438
020408	0.428571
00148	0.829365
00107	0.839171
039846	1
038495	0.999835
00108	0.77616
057565	1
002418	0.933333
00109	0.852207
057566	1
046971	1
020138	0.994475
053212	1
006954	0.994505
01410	0.831507
01411	0.910501
01412	0.770521
01413	0.79362
01180	0.812818
01414	0.900206
01181	0.873794
01140	0.851375
01415	0.796909
01182	0.750849
01100	0.828492
01141	0.733461
01142	0.722125
01183	0.759061
01416	0.763855
01101	0.796506
003411	1
01417	0.738819
006649	1
01143	0.813495
01184	0.792325
01418	0.706197
01185	0.738782
01144	0.86166
01103	0.831054
01145	0.668269
01186	0.856655
01105	0.815514
01187	0.866059
01146	0.852518
006064	1
01106	0.743455
01147	0.794436
003498	1
058563	1
006065	1
006339	1
01148	0.872881
01107	0.789503
01189	0.831663
01149	0.861816
01108	0.830147
01109	0.807573
006068	1
006029	0.953243
032578	1
000721	0.991379
000490	1
004724	1
03222	0.796117
004495	1
03223	0.944637
052680	1
000183	0.992491
066119	0.994118
03226	0.904328
052916	1
000103	1
056917	1
03228	0.916484
008105	1
056919	1
059294	0.933884
008147	1
000108	0.978723
000149	1
00843	0.305233
034077	1
042592	0.987342
009490	0.997379
041707	0.959322
00260	0.660251
009452	1
00220	0.77931
00262	0.762989
00221	0.782378
00263	0.66129
00222	0.776699
009455	0.98513
002573	0.999444
00223	0.763333
00264	0.777143
00224	0.818565
00265	0.761958
042244	0.998994
00266	0.810182
00225	0.771475
009499	1
002535	0.984848
00267	0.810219
00226	0.756881
002262	0.996078
005185	0.978022
053958	1
001145	1
00269	0.6175
00228	0.723514
00229	0.828088
039306	1
053068	1
028756	1
046120	1
01260	0.782852
01261	0.755224
01221	0.850344
006180	1
01263	0.805567
01222	0.821946
01223	0.835436
01264	0.867257
01265	0.701965
01266	0.708134
01226	0.808093
01268	0.722954
01229	0.681818
000840	0.93266
058028	0.8
000884	0.996367
004884	1
040515	1
008805	0.996016
000532	1
004220	0.992926
03033	0.971722
052764	0.705882
055373	1
004267	0.986871
03076	0.983784
063580	1
034110	1
00921	0.744405
056419	1
00922	0.715852
067898	0.998039
00690	0.733871
00923	0.673913
00924	0.870849
00691	0.85309
00692	0.750562
00610	0.844307
04610	0.767058
00925	0.883895
002920	0.986842
00926	0.717762
04611	0.706417
00693	0.800875
00927	0.702793
04612	0.75712
00694	0.805281
00612	0.788856
060939	1
00380	0.785075
00613	0.812381
04613	0.874502
00695	0.798633
00928	0.910727
00381	0.742451
00614	0.610542
00696	0.775178
00929	0.837386
00615	0.816794
00697	0.788462
009888	1
00341	0.641418
04615	0.799514
00382	0.833753
00383	0.810811
00698	0.829316
00342	0.82539
00616	0.712377
00301	0.800816
04616	0.846124
00302	0.658863
00617	0.728421
04617	0.771985
00384	0.757933
00385	0.700405
00070	0.721116
04618	0.837566
00619	0.846454
00071	0.815231
00304	0.773018
00030	0.857223
04619	0.742681
00386	0.862414
057761	1
00031	0.851804
00387	0.702206
00306	0.757407
00347	0.81733
00032	0.837993
00388	0.7357
045249	1
00033	0.685889
00389	0.890401
00348	0.726435
00074	0.763014
00349	0.739805
00034	0.623478
00308	0.80212
00076	0.725352
00035	0.713798
00309	0.81961
00077	0.81756
00037	0.768719
00078	0.781944
00079	0.752262
00039	0.7908
061972	1
038307	1
061665	1
046555	1
047361	1
01342	0.910464
01301	0.794428
01302	0.824584
