780	0.867932
740	0.793503
781	0.770062
741	0.832788
700	0.720974
782	0.785246
701	0.623133
783	0.746904
742	0.819031
784	0.78707
702	0.686024
743	0.751765
41	0.746846
82	0.880511
703	0.751556
785	0.728599
744	0.869376
470	0.803493
83	0.766006
704	0.76371
43	0.688873
745	0.778598
471	0.801462
84	0.743191
430	0.80311
786	0.883305
787	0.663645
705	0.827689
472	0.736452
746	0.867885
431	0.831335
473	0.793012
788	0.846577
86	0.792931
747	0.794307
706	0.884153
432	0.701464
433	0.687412
748	0.837087
474	0.78935
707	0.705809
789	0.712853
160	0.832859
708	0.769231
434	0.772902
475	0.752267
749	0.792143
48	0.728092
161	0.722351
435	0.858961
89	0.715922
476	0.75837
709	0.813548
49	0.769032
162	0.842543
477	0.821828
121	0.837259
436	0.834565
163	0.769397
437	0.74453
478	0.752472
438	0.811569
479	0.7943
123	0.773477
439	0.707345
165	0.841779
166	0.725467
125	0.828417
167	0.715583
126	0.755892
127	0.666303
168	0.820334
1381	0.756884
1340	0.860465
1382	0.678246
1300	0.789606
169	0.882991
1383	0.761023
1301	0.769053
1342	0.768206
129	0.616938
fulfillment_location	0
1343	0.859817
1302	0.81256
1385	0.730285
1303	0.819599
1386	0.794542
1304	0.872836
7	0.781054
1305	0.744681
8	0.852689
1347	0.805081
1306	0.776316
9	0.882451
1388	0.948242
1307	0.758671
1389	0.939431
1308	0.832178
1349	0.821868
1309	0.864726
590	0.80184
591	0.728538
550	0.678639
592	0.749141
510	0.798622
551	0.663758
552	0.780372
511	0.646593
593	0.77694
512	0.768
553	0.827212
513	0.790574
595	0.770892
280	0.760165
555	0.681989
514	0.675325
281	0.807373
240	0.751651
596	0.764946
515	0.808753
241	0.752829
556	0.828272
282	0.635757
200	0.660623
557	0.779861
598	0.770882
201	0.707718
283	0.806136
516	0.712356
242	0.732987
599	0.811681
243	0.723035
284	0.732157
202	0.770333
558	0.760059
517	0.794233
559	0.674855
285	0.730898
518	0.782962
244	0.830616
519	0.800559
204	0.76893
286	0.801347
245	0.845133
287	0.666519
246	0.79166
205	0.784621
206	0.742685
247	0.773836
288	0.746494
1420	0.927612
248	0.817947
1461	0.831683
289	0.821559
1462	0.844642
249	0.709052
208	0.776613
1421	0.921415
1422	0.872964
209	0.724205
1463	0.791467
1190	0.624288
1191	0.774269
1424	0.84058
1465	0.816304
1110	0.81659
1466	0.848062
1151	0.789355
1425	0.873005
1192	0.848013
1111	0.801255
1426	0.858497
1193	0.857037
1467	0.874013
1152	0.815546
1468	0.782609
1153	0.826333
1112	0.830624
1194	0.896183
1428	0.807503
1113	0.799653
1469	0.874289
1195	0.81982
1196	0.869779
1429	0.787617
1155	0.803808
1197	0.698221
1156	0.802545
1115	0.87959
1198	0.846485
1157	0.63443
1117	0.828647
1199	0.882543
1158	0.914085
1159	0.733713
1118	0.781801
1119	0.876986
1070	0.855422
1071	0.756901
1030	0.835487
1072	0.880475
1031	0.881812
1073	0.828346
1032	0.74876
1033	0.777978
1034	0.637156
1075	0.830189
1076	0.817632
1035	0.796984
1036	0.759008
1077	0.68434
1078	0.784516
1037	0.851459
1038	0.76977
1079	0.746616
981	0.754535
982	0.842701
983	0.810084
985	0.794716
986	0.878436
630	0.746366
671	0.799653
672	0.720058
987	0.693999
631	0.773301
673	0.712129
988	0.785308
632	0.808723
989	0.719775
674	0.718833
633	0.793293
360	0.731212
675	0.714227
634	0.816355
361	0.85578
320	0.79437
362	0.752027
636	0.779257
677	0.798736
321	0.780283
363	0.797451
678	0.773832
322	0.866111
638	0.804076
364	0.570354
679	0.818327
323	0.800884
324	0.8071
365	0.817417
639	0.809191
366	0.791845
325	0.750088
367	0.813382
326	0.789704
368	0.606719
327	0.776495
328	0.779093
369	0.748621
1500	0.885671
1501	0.860099
329	0.7145
1502	0.820543
1503	0.867488
1270	0.836345
1230	0.894513
1271	0.928853
1504	0.873345
1272	0.90144
1231	0.869701
1506	0.845693
1232	0.827973
1233	0.880037
1507	0.839506
1234	0.814194
1275	0.809982
1549	0.906638
1508	0.909142
1235	0.852101
1276	0.792612
1277	0.865887
1236	0.775575
1237	0.845999
1238	0.784366
1279	0.837815
790	0.724851
710	0.802817
752	0.771394
711	0.766062
91	0.778971
712	0.669085
753	0.732569
10	0.810029
713	0.674393
795	0.801902
480	0.829646
52	0.719715
11	0.800772
796	0.786353
481	0.748334
714	0.710754
440	0.70432
755	0.87568
756	0.72613
797	0.657748
441	0.774419
482	0.863371
95	0.734479
715	0.730087
54	0.7616
757	0.79512
55	0.634703
96	0.71253
798	0.757294
716	0.793478
401	0.777581
483	0.750771
442	0.881325
14	0.769387
758	0.830233
717	0.805653
443	0.794796
484	0.855563
799	0.826577
402	0.905181
97	0.770942
718	0.736508
170	0.81676
57	0.636654
403	0.592342
759	0.722412
485	0.768478
444	0.768045
445	0.769075
171	0.670937
99	0.841597
486	0.755819
719	0.696155
17	0.788402
130	0.782658
487	0.772066
18	0.763428
172	0.807165
59	0.84067
405	0.802011
446	0.789677
488	0.74065
447	0.81149
173	0.674987
19	0.755545
406	0.811508
132	0.728596
407	0.794625
489	0.691468
174	0.756685
449	0.75116
175	0.82867
408	0.768009
134	0.775343
409	0.796315
176	0.686035
1390	0.79096
177	0.75183
136	0.786131
1391	0.765554
178	0.760711
1350	0.80152
1310	0.72738
179	0.822273
138	0.781746
1352	0.740458
1393	0.777962
139	0.813439
1353	0.804969
1394	0.848628
1312	0.809939
1313	0.734977
1354	0.854167
1395	0.724138
1314	0.820714
1396	0.859146
1355	0.73689
1397	0.903226
1356	0.842629
1315	0.844736
1316	0.833748
1357	0.823298
1317	0.639975
1399	0.747804
1358	0.788301
1359	0.725151
1318	0.775097
1319	0.714494
560	0.835932
520	0.855521
562	0.76749
521	0.819435
563	0.65373
522	0.792837
564	0.883373
290	0.800544
523	0.75689
524	0.678923
565	0.857043
291	0.819376
525	0.725834
292	0.675973
251	0.70066
210	0.78689
211	0.756491
293	0.809827
567	0.868201
526	0.9
252	0.815665
568	0.761304
212	0.634069
253	0.816747
527	0.737615
254	0.841627
569	0.757143
295	0.839627
528	0.764689
213	0.677567
529	0.730063
296	0.822936
255	0.828358
214	0.753396
297	0.737791
215	0.775107
256	0.728439
1470	0.864719
298	0.689677
257	0.732665
216	0.661377
217	0.766147
1430	0.846906
299	0.703205
258	0.852377
218	0.703091
1431	0.841863
259	0.67796
219	0.839253
1473	0.881071
1432	0.766928
1474	0.829646
1434	0.848189
1160	0.875121
1435	0.843874
1476	0.806773
1161	0.816199
1436	0.849057
1121	0.808438
1162	0.802395
1437	0.505345
1122	0.859476
1163	0.779083
1438	0.831597
1123	0.817949
1164	0.763966
1439	0.887061
1124	0.6415
1165	0.782946
1166	0.78796
1125	0.827742
1126	0.839623
1167	0.781129
1127	0.663397
1168	0.733239
1169	0.779645
1128	0.736538
1081	0.823095
1040	0.826608
1082	0.888976
1041	0.922649
1083	0.769964
1042	0.90512
1084	0.725907
1043	0.874096
1002	0.881363
1003	0.864935
1085	0.733607
1044	0.797753
1045	0.944781
1086	0.900045
1004	0.827398
1005	0.823444
1087	0.879906
1046	0.818684
1047	0.774427
1006	0.786281
1007	0.801413
1089	0.836026
1048	0.704804
1008	0.830787
1049	0.766898
1009	0.581236
990	0.81485
991	0.860049
992	0.769231
951	0.886114
952	0.771393
993	0.879554
953	0.801605
954	0.831695
995	0.868405
680	0.784927
955	0.85112
996	0.836672
681	0.857984
640	0.720361
600	0.86754
956	0.667434
682	0.844172
641	0.735546
997	0.775661
642	0.739866
998	0.716843
957	0.841244
683	0.794547
601	0.802923
602	0.771216
958	0.729592
643	0.686528
370	0.800198
685	0.861781
644	0.739338
603	0.761125
645	0.736486
604	0.72044
371	0.798861
686	0.727621
330	0.854619
372	0.824163
687	0.902261
605	0.819632
646	0.723633
331	0.790015
373	0.674077
606	0.82087
688	0.83217
647	0.740174
332	0.741379
689	0.775185
648	0.686449
374	0.713513
607	0.848391
333	0.798853
649	0.833502
608	0.790499
334	0.829955
376	0.740629
609	0.734928
335	0.839606
336	0.723735
377	0.730176
337	0.790146
1550	0.849238
378	0.734431
1510	0.960749
379	0.722315
338	0.761574
339	0.874
1280	0.798046
1554	0.864758
1240	0.848846
1281	0.83535
1555	0.863338
1200	0.850575
1241	0.752084
1515	0.938073
1282	0.756465
1242	0.781785
1516	0.871947
1201	0.824458
1283	0.818364
1202	0.708929
1243	0.851819
1284	0.712787
1517	0.897835
1285	0.809778
1203	0.824863
1518	0.872185
1286	0.795936
1245	0.807783
1519	0.891931
1204	0.825606
1287	0.771574
1205	0.895533
1246	0.88318
1288	0.876093
1247	0.78227
1248	0.813503
1207	0.808081
1249	0.811155
1209	0.751506
760	0.743332
761	0.927365
720	0.726082
60	0.773125
721	0.711123
762	0.829796
763	0.736964
722	0.604609
490	0.806501
723	0.841425
62	0.741046
63	0.815394
450	0.782832
724	0.738992
491	0.77749
765	0.8114
492	0.867743
725	0.860211
64	0.755303
451	0.766286
766	0.7247
726	0.802341
65	0.741112
411	0.642153
493	0.744917
452	0.93162
767	0.796907
727	0.760809
453	0.79
494	0.74584
66	0.713896
25	0.768264
768	0.768038
67	0.707037
413	0.811272
728	0.74974
769	0.898392
180	0.764032
495	0.765891
454	0.84007
729	0.685725
496	0.865355
68	0.855428
455	0.818505
414	0.682869
140	0.814665
456	0.78852
141	0.802945
182	0.839679
415	0.790511
457	0.684174
416	0.799447
101	0.701287
142	0.821924
183	0.763934
143	0.824916
184	0.678043
102	0.805649
458	0.700935
417	0.736338
185	0.850654
459	0.723868
418	0.80889
103	0.852023
104	0.757619
419	0.852978
186	0.845998
187	0.738626
105	0.82522
106	0.580681
188	0.804489
1360	0.743167
147	0.762928
1361	0.79902
1320	0.827365
148	0.777091
189	0.728552
107	0.742063
149	0.80596
108	0.672286
1362	0.757912
1322	0.715625
109	0.74903
1363	0.805556
1364	0.776
1365	0.72377
1324	0.912898
1366	0.591973
1367	0.734824
1326	0.832554
1327	0.764493
1328	0.816642
1329	0.757143
570	0.784381
530	0.805578
571	0.828607
531	0.867238
532	0.826702
533	0.697155
574	0.755141
260	0.776208
534	0.676197
575	0.748829
576	0.879872
535	0.744163
220	0.846326
536	0.785714
577	0.682276
262	0.762629
221	0.826197
537	0.673792
263	0.743056
222	0.851908
538	0.826505
264	0.767181
223	0.749252
579	0.763178
265	0.635099
224	0.787863
539	0.67028
266	0.809718
225	0.726205
267	0.707006
226	0.817677
1480	0.75825
227	0.716885
1440	0.829802
268	0.8044
1481	0.844806
1400	0.874243
269	0.770983
228	0.808326
1482	0.904243
1441	0.866461
1401	0.73791
1442	0.780915
229	0.709703
1483	0.846698
1484	0.91925
1443	0.818878
1403	0.878122
1130	0.820018
1445	0.851288
1404	0.855693
1171	0.826652
1172	0.789789
1487	0.843292
1405	0.778325
1173	0.692613
1132	0.859579
1447	0.789375
1448	0.821317
1174	0.665702
1407	0.719613
1133	0.779544
1134	0.765088
1408	0.758739
1175	0.833333
1409	0.818535
1135	0.680786
1176	0.739216
1177	0.654444
1136	0.918054
1178	0.660741
1137	0.895386
1179	0.76753
1138	0.714127
1139	0.777355
1091	0.687368
1050	0.77569
1051	0.802019
1092	0.744128
1010	0.853324
1052	0.821734
1011	0.905426
1093	0.795576
1094	0.761026
1053	0.845321
1012	0.8419
1054	0.800027
1013	0.800878
1095	0.867299
1055	0.710052
1014	0.778126
1096	0.815499
1056	0.785449
1097	0.714855
1015	0.844482
1098	0.840859
1057	0.83547
1016	0.730835
1058	0.795918
1017	0.795918
1018	0.864743
1059	0.874473
1019	0.754703
960	0.882866
962	0.75744
963	0.746259
690	0.708766
964	0.826721
691	0.785696
650	0.862473
610	0.740874
692	0.718419
693	0.892047
652	0.798932
967	0.838556
611	0.838344
653	0.81145
968	0.652538
694	0.834564
612	0.766524
969	0.696267
695	0.672453
613	0.789798
654	0.667834
380	0.716706
696	0.767814
340	0.73993
381	0.85066
655	0.773973
614	0.672266
697	0.792
656	0.793075
615	0.846105
341	0.83598
382	0.783172
698	0.738079
383	0.797787
301	0.821014
616	0.599812
342	0.821777
657	0.810345
658	0.75217
699	0.689462
302	0.616379
384	0.842674
343	0.850955
303	0.714374
659	0.840122
385	0.863484
618	0.875744
344	0.786685
304	0.777111
386	0.782982
619	0.86346
345	0.787946
305	0.751432
346	0.809024
387	0.791153
388	0.813778
306	0.791857
347	0.80541
389	0.70873
307	0.61697
1520	0.918618
348	0.815056
349	0.53195
308	0.742845
1521	0.912734
1522	0.867235
1290	0.890481
1291	0.762042
1250	0.834206
1525	0.657484
1292	0.867086
1293	0.723752
1211	0.814932
1294	0.791703
1253	0.849429
1212	0.824439
1295	0.878239
1529	0.873491
1255	0.722993
1256	0.860254
1215	0.840822
1216	0.796667
1257	0.853542
1217	0.859291
1219	0.760649
770	0.666667
730	0.827178
771	0.79893
70	0.716239
772	0.779097
731	0.642061
71	0.801062
732	0.821675
773	0.781427
774	0.842142
31	0.70122
733	0.842289
72	0.823089
734	0.833204
73	0.714286
775	0.764179
460	0.784091
32	0.673025
33	0.682348
776	0.712557
461	0.795843
735	0.674406
420	0.763815
75	0.78121
777	0.779897
421	0.727306
462	0.83826
34	0.77288
736	0.763761
778	0.724882
463	0.812189
737	0.775545
35	0.836786
422	0.816529
464	0.778456
738	0.762327
423	0.884892
190	0.675926
779	0.800924
77	0.85271
191	0.84795
465	0.874307
739	0.858739
37	0.796543
424	0.750253
110	0.639465
192	0.776582
79	0.776378
466	0.744175
425	0.718327
111	0.713814
193	0.669565
426	0.782154
467	0.828105
39	0.753315
153	0.740288
468	0.734886
427	0.801663
112	0.788285
195	0.868475
469	0.720406
113	0.757789
154	0.831139
428	0.782609
196	0.767502
114	0.788591
155	0.694504
429	0.815561
156	0.667824
197	0.774696
115	0.839333
198	0.83198
1370	0.702789
117	0.828091
1330	0.655139
158	0.813682
1371	0.708432
159	0.843981
1331	0.791496
1372	0.725058
118	0.779848
1332	0.885081
1373	0.686117
119	0.762319
1374	0.646424
1334	0.790336
1376	0.593993
1377	0.822967
1378	0.79966
1379	0.908046
580	0.691197
581	0.761372
540	0.659493
500	0.809374
541	0.890778
542	0.907452
583	0.71583
501	0.862898
502	0.838231
584	0.761217
543	0.818229
270	0.650337
544	0.747945
585	0.773539
503	0.779914
586	0.780718
271	0.572761
545	0.834414
504	0.77558
230	0.761247
587	0.856253
546	0.757974
272	0.756391
505	0.70868
231	0.804836
232	0.737073
506	0.796507
588	0.760247
547	0.818204
273	0.761344
233	0.793836
548	0.889776
507	0.781912
589	0.692875
274	0.743476
234	0.771661
508	0.951005
549	0.869145
275	0.762081
509	0.788093
276	0.817204
235	0.789763
277	0.710224
236	0.885189
278	0.639036
237	0.831821
279	0.682083
1492	0.883069
1410	0.812763
238	0.87591
1493	0.823333
1452	0.881851
1411	0.76893
239	0.795114
1494	0.85594
1453	0.888407
1454	0.756886
1413	0.86594
1180	0.801531
1455	0.793737
1181	0.772376
1414	0.831683
1140	0.865974
1497	0.881297
1456	0.801399
1141	0.8283
1415	0.717058
1182	0.815563
1416	0.852061
1457	0.78422
1498	0.892515
1142	0.702954
1183	0.821429
1102	0.846365
1458	0.825706
1143	0.786207
1499	0.818441
1184	0.872541
1103	0.816189
1144	0.849545
1185	0.837601
1418	0.797687
1104	0.713711
1419	0.935978
1145	0.775561
1186	0.841723
1187	0.862484
1146	0.869605
1105	0.887269
1106	0.862251
1188	0.85948
1147	0.802987
1189	0.8755
1107	0.896688
1149	0.739524
1108	0.747997
1109	0.652048
1060	0.741303
1020	0.74696
1021	0.816456
1062	0.79951
1063	0.871043
1022	0.797832
1064	0.847515
1023	0.780048
1065	0.528205
1024	0.867575
1066	0.887872
1025	0.810339
1026	0.663977
1067	0.801251
1068	0.719472
1027	0.880442
1069	0.840991
1028	0.851619
1029	0.735323
970	0.799481
971	0.845683
973	0.809839
974	0.773383
660	0.71585
975	0.771797
976	0.694175
661	0.79599
620	0.842764
662	0.759721
621	0.763193
977	0.923164
978	0.84609
663	0.786916
622	0.821961
623	0.799249
390	0.882301
664	0.793238
350	0.749159
624	0.843976
665	0.625
391	0.807192
351	0.558372
310	0.659727
625	0.718724
392	0.727145
626	0.863308
667	0.818895
393	0.755493
352	0.766932
311	0.613366
353	0.753247
312	0.681818
668	0.825378
394	0.737705
627	0.792289
669	0.784938
313	0.808282
395	0.899317
354	0.744294
355	0.772727
314	0.6905
396	0.783971
315	0.830705
356	0.77546
397	0.748372
357	0.685007
398	0.766781
316	0.745577
1530	0.892086
399	0.847673
358	0.705419
317	0.774493
359	0.722951
318	0.629082
319	0.780537
1261	0.819661
1262	0.81829
1221	0.838794
1222	0.788043
1264	0.848814
1223	0.842921
1265	0.885864
1224	0.845773
1225	0.770469
1266	0.875331
1267	0.784024
1226	0.900141
1227	0.861216
1268	0.777344
1269	0.837042
1228	0.847856
1229	0.847477
