320	0.812048
288	0.594107
309	0.409589
323	0.609026
537	0.3908
110	0.45842
324	0.50972
2001	0.538278
553	0.716495
1632	0.603571
327	0.172414
801	0.537015
768	0.43513
340	0.479047
2003	0.507042
2004	0.671804
555	0.503899
114	0.652677
783	0.610748
558	0.575023
344	0.601355
559	0.517685
2008	0.575522
2009	0.922105
573	0.520791
2023	0.655539
808	0.632738
361	0.455657
134	0.409761
135	0.618525
610	0.680905
137	0.598513
150	0.672119
138	0.67033
2028	0.472222
2042	0.509845
366	0.582022
153	0.739708
380	0.575156
154	0.530303
402	0.590189
156	0.717005
2061	0.655294
171	0.743981
860	0.625
634	0.600273
173	0.532305
2064	0.741648
2065	0.479452
423	0.621687
864	0.796296
424	0.43769
865	0.555288
900	0.562117
880	0.607273
654	0.566912
427	0.524762
656	0.522478
903	0.595023
670	0.657143
904	0.617225
443	0.58189
885	1
905	0.582459
658	0.599026
218	0.768229
886	0.493045
920	0.655807
921	0.7975
922	0.700456
51	0.679545
678	0.585402
250	0.445267
238	0.574221
55	0.689573
713	0.648736
466	0.523688
480	0.703912
253	0.62901
501	0.632653
57	0.612613
71	0.575825
58	0.582126
59	0.493031
483	0.536071
698	0.724057
73	0.704659
270	0.419604
257	0.527814
945	0.554269
505	0.518674
259	0.587017
75	0.733815
76	0.549682
521	0.664294
274	0.582382
488	0.592784
92	0.445946
277	0.583067
311	0.559715
291	0.638994
94	0.593389
967	0.535826
980	0.514644
293	0.763462
755	0.496285
969	0.633833
97	0.800292
314	0.548223
100	0.516489
756	0.533019
101	0.591294
296	0.489107
316	0.515895
543	0.480221
770	0.688004
545	0.747619
318	0.516628
298	0.562097
986	0.407391
332	0.528313
105	0.625806
988	0.637758
2011	0.75576
fulfillment_location	0
122	0.441913
563	0.640125
777	0.529982
336	0.694365
350	0.556956
2013	0.607384
338	0.535142
812	0.61876
813	0.484484
2016	0.709859
353	0.37246
580	0.609787
582	0.66703
128	0.547389
129	0.61194
817	0.585879
370	0.536471
2033	0.594966
798	0.793689
818	0.649394
359	0.714724
606	0.736374
620	0.546041
2037	0.865014
160	0.423838
2050	0.525172
148	0.52568
161	0.501051
162	0.584832
390	0.589806
163	0.546092
2053	0.627204
411	0.533042
412	0.59287
626	0.641667
166	0.621131
414	0.537123
394	0.460203
202	0.560907
396	0.470085
416	0.402899
2073	0.8
645	0.729381
2074	0.524609
2075	0.654028
185	0.540865
207	0.579869
876	0.400881
662	0.584392
437	0.583958
438	0.520236
892	0.509114
225	0.58598
700	0.418335
680	0.526667
226	0.533431
681	0.552688
669	0.514813
44	0.557652
456	0.648167
242	0.553027
899	0.475319
245	0.682635
687	0.435674
688	0.633779
64	0.383133
80	0.513936
2401	0.995909
265	0.73913
68	0.607105
82	0.694499
83	0.593998
955	0.672095
84	0.569149
515	0.715789
971	0.478327
958	0.550921
745	0.648822
499	0.742101
