01070	5212
01071	2431
01030	4619
01031	2756
01072	3806
01073	4851
01032	2559
01306	4418
065399	758
01033	4443
01074	1488
047094	103
01034	1324
01075	4237
01308	2301
01076	1252
061046	2230
01077	1207
043096	429
01036	2971
01037	4036
01078	3723
032734	882
003388	360
01079	4805
054454	395
01039	1118
054413	289
054145	37
054146	429
000962	2835
008964	18
004610	313
029294	832
000695	267
008341	267
066043	103
03110	2057
008301	95
03112	1612
03113	2023
055411	463
055412	22
000307	11
03116	1979
000308	782
03117	2270
03118	1767
008076	1723
000036	3440
00770	3759
063350	236
00731	5261
00772	4979
001650	893
049320	80
00775	1343
fulfillment_location	0
00420	5944
064473	5
00421	5480
060707	246
00422	7342
00778	5773
067357	13
064160	94
00190	1005
00423	3654
00464	7155
005697	589
00424	5177
041092	99
00739	2792
00191	4512
00150	5349
00466	3967
00110	5956
00151	4210
00425	5849
00193	5518
00426	5934
00111	6515
045369	5
001385	65
00153	2841
00468	4758
00427	5263
00112	3870
009659	648
00154	4820
00195	1177
020141	1304
009031	2113
00196	5440
00114	2771
041016	43
00156	2413
020416	159
009307	14
00157	6531
031854	57
00158	1186
00199	2698
00117	2651
053889	8
057807	432
00118	5529
00159	1255
00119	4823
009037	38
053577	134
050340	458
006922	153
01420	2256
01421	489
003771	332
047442	401
01190	2596
065435	488
01191	2503
01110	4419
01192	4522
01111	4215
01193	4537
003777	1064
01112	4221
01194	1040
01195	4832
01113	2807
01196	3768
01114	1133
01197	3233
01115	2705
006032	3266
01116	2558
058572	549
058573	97
01199	2612
01118	6124
01119	5212
044441	54
004421	67
000462	9569
048447	48
004191	477
000465	11915
004425	79
000151	1069
034931	69
000466	1104
004194	13423
000113	361
056612	8
004155	625
004159	5341
008118	4059
004119	586
059267	127
056033	23
056076	30
001771	4
002890	18
00230	3185
00271	1268
00272	836
063165	99
049489	179
00232	7487
00273	5841
009424	46
00233	6426
00274	1378
00275	1236
00234	4148
00276	944
00235	3447
00277	4716
00236	1223
00278	5270
00237	4746
00279	2961
002506	997
00238	2697
001114	3086
002588	861
001197	6603
038271	132
039663	99
002279	1403
002239	68
057078	375
05500	5810
05502	3709
047563	97
05503	6489
01270	4541
01271	5849
05504	6178
01230	5414
05505	4392
01231	2876
01272	8183
01273	3127
01232	4300
043526	5
01274	7341
043527	177
01234	5151
05508	6552
01275	6036
01276	2805
05509	6242
01277	980
01236	4143
058652	789
01278	3984
003272	755
01237	4997
01239	2515
033741	340
006158	376
036317	1154
044520	140
000810	3881
066596	100
004500	501
000544	6508
03080	1403
03040	1526
004505	315
03043	825
070140	227
03089	1039
056191	234
00932	4031
00933	1289
055038	31
00935	873
064947	55
00936	1291
00662	4475
00621	3933
00622	4082
04622	8466
001540	82
00623	7005
00390	2562
00624	4025
002660	478
00310	5871
04625	7478
00626	2121
00393	2403
00311	5153
001543	409
04626	7540
00667	5074
001817	1102
00668	2185
00312	2296
067206	307
00395	4376
00313	4599
00080	5007
00669	1491
00628	4319
00629	1568
00396	5076
009231	1500
00081	5646
00315	1171
00082	5211
00397	4601
00083	2987
00001	4780
00398	6076
00316	2426
00042	5124
00399	4574
00002	2490
00317	1458
001275	988
00318	4025
00085	4535
00086	5900
00319	4410
00004	4401
038666	37
00087	5125
005278	1372
00006	2848
031704	62
00048	5320
00089	5774
00007	3808
020036	885
068827	132
006853	26
003972	608
01310	1441
01311	2281
01080	7457
01081	4603
01040	4397
01041	2435
01000	4486
01315	4763
01082	5616
01042	3938
01001	2313
01083	5691
01317	4805
01002	4175
01084	905
01044	1196
01318	6873
01085	5524
01086	4575
01045	5312
01046	5589
01087	4601
01005	5239
006237	201
01047	4262
01006	3794
01089	4440
01048	4046
01007	4262
01049	1008
033865	5608
003045	1324
048910	259
062905	7
048641	33
000937	733
048336	426
000312	145
03121	2515
008314	1460
000041	107
037703	138
034862	725
000083	16428
070221	75
005970	348
041640	155
00780	5271
00740	3228
052278	476
00781	4996
00782	2501
00783	1123
00784	4956
00702	1210
00743	5674
001935	151
00703	4366
00471	5014
00704	3390
060757	126
00431	6251
00705	5394
00706	1023
00432	7030
002741	11197
009665	7
00748	2367
00475	5413
00434	6040
00160	4881
009393	235
063369	103
00476	5054
00161	2497
00709	4083
00435	5729
001393	3182
063055	135
00121	3503
00436	3613
00162	3407
00437	5713
00163	4678
042416	786
00438	6389
00164	6265
00123	2436
049024	1012
001356	419
050972	128
00165	1001
001041	4888
00125	4881
00166	4721
001358	161
00126	3771
00127	973
00168	2524
039510	398
060139	53
00169	958
00128	4951
00129	6583
01160	6171
01161	4025
01120	5047
01162	5527
01121	2603
01122	4603
01163	4360
01164	4154
01124	4308
01165	4644
006042	2419
01125	1195
01126	1406
01167	1394
032865	498
01168	2540
01127	1543
01169	2479
01129	1049
062713	22
000780	49
069010	277
000744	395
004785	567
048496	303
040729	189
059892	32
004471	467
008746	73
055580	2
03201	1528
056973	790
008749	1711
03203	2339
004436	2072
000121	1900
034947	301
004126	439
004129	260
00821	731616
00822	26792
00280	3769
00240	2814
001746	10824
00282	5405
00241	4404
031980	19
00242	4571
00283	5351
00201	4546
009707	2623
00202	1090
00284	1137
00243	5332
00285	2645
00203	4481
00244	4282
042264	26
00245	1427
00204	3222
005121	772
00287	2145
00205	2596
009122	417
005164	256
00288	2339
00206	4059
00247	4401
005123	3489
002598	38
00289	2356
00207	5697
00208	4852
053624	332
00209	2596
001169	5702
006781	17
05510	5805
05511	5485
003862	247
05512	6065
05513	5155
006787	331
01240	3685
05514	5861
01281	6880
01282	4364
01241	4490
01200	3135
01283	3312
01242	6113
01201	4167
01202	1347
01243	5480
046145	394
01285	4102
01244	1644
046188	214
01246	2550
01205	5190
006164	49
01206	4169
01247	2634
051781	42
01207	2646
01289	4370
01208	4710
01209	4896
036674	104
043229	144
058087	372
058088	491
008590	20
000590	82
008865	2046
008551	357
008552	101
004827	6090
03090	1165
037670	277
008515	2366
029157	306
03093	1403
055626	31
008207	556
03017	1250
034444	507
00670	1059
00671	1157
00631	4809
00672	4389
00673	1249
00633	4326
00674	4460
042927	2
00675	4510
00634	1188
00360	4389
001867	23
042928	225
00676	4577
009826	505
00635	4515
00320	3190
005827	94
001512	75
00677	6544
00636	1309
00362	4316
00321	1127
001280	357
00363	4750
049579	123
00678	1102
00637	2532
00322	1575
005281	62
00323	1554
00679	1029
00364	4749
00090	2956
001829	942
00638	7045
00324	1005
00639	3575
00365	3856
00050	5311
041226	2
00366	4682
00325	3681
001558	444
00093	6482
00326	1208
00094	2770
00327	1384
00369	4492
001204	938
00328	5235
00014	5494
00096	1034
00329	2734
00015	3624
00097	3750
00016	2760
00098	2591
00099	3261
00017	4111
00019	3651
053165	43
038058	184
003982	62
003942	3448
028859	18
01322	2066
01090	2909
01324	2773
01010	949
01092	2996
01325	3970
003909	209
01093	4337
01011	1519
01012	7277
01013	3434
01095	4748
047033	1343
01329	1784
01096	4788
043349	131
01015	4357
01098	4068
01016	1547
01017	3161
01099	2689
01018	4367
01019	2826
062370	96
048697	503
004988	447
004360	6
008949	2465
008363	359
000090	1391
000052	3
000093	860
008328	6
056553	2
008057	15
004018	454
034252	27
037449	120
063915	21
00750	5921
009941	48
00751	4663
00793	2885
00711	5702
009985	462
00753	4339
060724	4
00754	6426
00795	2840
00713	1303
009672	90
060725	74
00755	2713
00440	2652
00714	2386
00756	4443
04400	67541
00798	4138
00442	6190
00443	5421
00717	5062
00718	4137
00170	6745
038750	635
00171	4525
00130	4629
00719	4759
009678	92
001637	867
00405	6662
00131	4473
00447	2631
00173	5453
00132	4554
002442	9
00407	5721
00448	3212
00133	5092
00174	7209
009366	75
00175	4520
00408	5611
00449	2591
002444	40
00409	5980
020436	113
00176	4572
00135	3402
00177	2202
002172	462
005369	97
00178	6915
00179	1157
009057	1233
046610	337
046611	11
068331	3
039219	53
01400	1138
01401	3853
047461	785
043736	4
01402	7255
01403	2507
01170	2194
01171	4641
01130	5077
01404	6427
01131	5280
01405	2851
01406	3244
01173	2182
01132	2415
01407	3286
01133	6384
01134	4879
01175	1236
01408	1546
006010	2489
01409	3268
01176	2778
01135	5909
01136	1257
01177	3396
006013	274
01178	3954
01137	1256
006014	171
01179	4393
01138	6385
054869	63
006056	681
01139	4658
006058	1603
069912	4
033643	10
033644	30
069683	41
069684	149
069686	61
069061	26
069062	29
000440	76
008714	1618
000796	955
000481	41
004717	52
052942	3028
000485	2835
034951	29
004404	749
000489	6
000137	577
063723	36
056014	7
052055	493
009790	908
009791	72
005791	80
009751	59
009710	83
001751	3526
00290	2079
00291	3127
005401	314
00252	5016
00293	4747
00253	1460
00294	3768
009718	284
00254	4421
00295	2807
00213	4442
002837	3548
00255	5873
00214	3173
009132	190
00215	5045
00256	6783
00298	1732
00216	4071
020203	109
00258	5572
00299	5251
00217	3152
00218	5337
00219	5266
001139	149
043890	100
047892	213
05521	3887
025591	49
05523	5820
01291	2722
05524	5894
01292	4871
01212	4365
01295	6605
01296	7043
01215	4186
01216	4480
01217	4491
046119	40
01218	4064
01219	4743
006179	41
051489	842
040500	698
000833	2621
000835	139
048508	118
055091	12
037648	369
000219	7134
063840	3
052404	19
034414	255
052132	114
052407	27
00681	6645
00641	2593
00682	4920
04600	6187
00683	1188
04601	7254
00643	5370
00602	2637
00684	2572
00685	1170
00644	1548
009835	62097
04603	8054
00604	4036
00330	2652
04604	6279
00645	4028
00686	5580
00687	1396
00646	1327
00331	4538
04605	8139
00373	4637
00688	4192
00332	5224
00607	1394
00333	5347
04607	6695
001291	81
00689	5441
00375	1377
00334	2611
04608	6488
057750	63
00609	1225
00335	4736
04609	6338
00376	4107
009212	94
00336	1070
00377	3846
053793	10
00337	5786
00063	4973
00022	6619
031720	406
002606	331
00338	2676
00064	4718
00023	2607
002373	2111
00024	4238
038330	457
00066	1210
00026	3389
00028	4654
002379	901
057449	105
003950	7846
006835	66
01330	1219
01331	4515
01332	1807
01333	5447
003957	517
01334	3117
01060	5600
006567	213
01020	3869
01062	3648
01021	4315
01022	2816
01064	1187
01023	4820
01024	1369
01065	1378
01025	2104
01066	1655
043319	253
01067	1395
01026	2904
01027	4394
01068	1387
01028	4374
01069	3126
01029	4322
066384	31
048351	1369
004683	39
029244	45
008603	48
000686	2134
008648	131
004335	322
03104	1009
000062	2027
008378	346
008337	53
03105	1188
070241	40
03108	2009
055407	36
056214	53
001950	208
00760	5739
00721	3228
005953	3177
00722	1269
00763	6068
00764	3883
001682	52
00450	4706
00451	6549
00726	4182
00452	5155
00411	6283
00412	5599
00727	4205
005959	228
00728	1697
00413	5308
00454	7510
00180	4395
00414	5719
00729	6773
00181	4950
041083	67
00456	4129
00415	6395
002766	60
00183	5950
00416	5166
00142	4961
00143	4187
00102	2421
00184	4191
00144	3411
00418	4999
020486	89
00185	4934
057875	127
00186	4051
00419	6620
00145	2519
00187	6010
00105	4059
00147	844
039844	214
00188	4557
00106	4058
020408	18
00148	4510
00107	4159
00108	3430
039846	42
038495	23485
057565	160
00109	3139
002418	27
057566	129
046971	18
020138	418
053212	8
006954	353
01410	4455
01411	5163
01412	3360
01180	2962
01413	4502
01140	5338
01181	4246
01414	4629
01182	2673
01100	4368
01415	2747
01141	2931
01416	3695
01183	5705
01142	6855
01101	6090
01184	1313
003411	167
01417	1657
006649	630
01143	3823
01185	3599
01418	2912
01103	3725
01144	1518
01145	1185
01186	2642
01187	6336
01146	4266
01105	4287
01106	1159
006064	549
01147	3790
003498	91
006339	246
006065	128
01107	5356
01189	2921
01148	4647
058563	167
01149	6371
01108	4159
01109	4646
006068	1418
006029	1299
032578	1500
000721	246
000490	1116
004724	293
03222	814
004495	76
03223	2106
052680	143
000183	3548
066119	819
03226	1550
052916	51
000103	974
03228	1658
056917	256
008105	1253
059294	224
056919	330
008147	266
000108	116
000149	558
00843	294949
009721	1
034077	2
042592	124
041707	619
009490	1538
00260	3396
00220	2551
009452	191
00221	2774
00262	4052
00263	1070
00222	1242
00264	2603
00223	1813
002573	12087
009455	523
00224	1453
00265	5255
042244	2279
00266	4762
00225	5390
009499	70
00267	4855
00226	3133
002535	3858
002262	517
005185	209
053958	18
001145	287
00269	1119
00228	1122
00229	6589
039306	89
053068	193
028756	6
046120	734
01260	3138
01261	2989
01221	5625
006180	60
01263	7518
01222	1387
01223	5571
01264	5877
01265	5221
01266	5359
01226	4953
01268	5081
01229	2588
058028	10
000840	568
004884	221
000884	2037
008805	508
040515	652
000532	61
004220	4737
03033	1386
052764	140
03076	744
004267	964
055373	6
034110	427
063580	21
00921	2456
056419	12
00922	2804
00923	1841
067898	1012
00690	6449
00691	4794
00924	4970
00692	1309
00925	5007
04610	6892
00610	3895
00693	2670
00926	1212
04611	5955
002920	298
00927	2511
00612	6075
00694	3591
04612	9317
00695	4801
00928	4570
00380	4869
00613	3070
060939	477
04613	6460
00696	2894
00614	1905
00381	3321
00929	3920
00382	4842
00615	842
00697	1058
009888	102
00341	3492
04615	7509
00383	1311
00342	6627
04616	8332
00698	4810
00301	3762
00616	4080
00617	1403
00302	831
04617	6480
00384	3138
00385	1412
00070	5037
04618	5987
00071	4877
00619	4791
00304	5830
00030	5381
04619	5953
00386	4937
057761	411
00031	4763
00387	3088
00032	4338
00388	1496
00347	5047
00306	1578
00389	4255
00033	4206
045249	648
00348	4075
00074	5970
00349	5018
00034	3221
00308	4273
00076	823
00035	4205
00309	4863
00077	5353
00037	5214
00078	6267
00079	2526
00039	2620
061972	60
038307	204
046555	24
061665	49
01301	3889
01342	2861
047361	166
01302	4777
