320	1375
288	7172
309	7766
537	7233
323	7335
110	5591
324	7634
2001	1299
553	1229
768	1556
327	935
801	5176
1632	6999
2003	4511
340	7276
114	6586
555	6060
2004	6853
783	5801
558	3340
344	6399
2008	6239
559	5646
2009	1640
573	5921
2023	6222
808	8065
361	4906
134	5417
135	4946
610	1345
137	810
150	8195
2028	4107
138	6830
366	1389
2042	4552
380	8274
153	7061
154	1616
402	5934
156	5000
171	5472
2061	7747
2049	43
860	4804
173	6279
634	4436
2064	1441
2065	1121
864	389
423	1276
424	955
865	6379
900	3973
880	6704
427	6021
654	7063
656	6098
903	6935
904	1289
670	1300
443	6069
885	2
658	7457
905	7874
218	1231
886	7616
920	6674
921	1326
922	2887
51	1392
250	7281
678	6203
238	6582
55	1374
713	5715
466	6081
480	9310
253	6798
501	1430
57	4833
71	8254
58	7473
59	5222
483	5490
698	1361
945	6193
73	8671
270	5398
257	4774
505	6370
259	5368
75	10152
76	4705
488	6789
521	5658
274	7593
92	6319
277	5786
311	6802
291	7125
94	7803
967	1012
980	1524
293	4967
969	1486
314	8299
100	6307
97	6870
755	5478
756	1339
101	7977
296	5233
543	6546
770	6189
316	5376
545	1347
298	7513
318	6319
986	6754
332	5296
105	6248
988	5859
2011	776
fulfillment_location	0
122	1381
563	5041
777	4917
336	5495
2013	6087
350	6161
812	7321
338	4978
813	7713
2016	1224
353	1358
580	7420
582	5724
128	4804
129	1058
817	11833
2033	1357
798	1506
370	1463
818	7320
359	6189
606	8677
620	9758
160	5562
2037	2398
2050	5730
148	1036
161	7019
162	7884
390	1310
2053	1229
163	6126
411	6038
626	4887
412	6933
166	5808
394	6941
414	5335
396	1422
202	1092
416	1020
2073	562
645	1264
2074	5275
185	1278
2075	1345
207	5461
876	3958
662	6757
437	5437
892	7006
438	3539
225	5083
680	1373
700	5459
226	6160
681	1421
44	4362
669	6208
456	6201
242	7184
899	7142
245	1010
687	5788
688	7253
64	1260
80	5798
2401	3977417
265	1347
68	8627
82	3175
955	9573
83	8887
84	1191
515	903
958	6214
971	5753
745	4320
499	3727
