	0
780	5791
740	7415
781	20524
741	8018
700	5865
782	16372
742	4876
701	4862
783	6116
784	4333
82	13309
41	5308
743	7399
702	8953
785	2161
744	6936
703	4809
83	6611
470	4614
43	5758
786	7707
430	7156
471	5511
745	5474
84	5183
704	5434
705	3701
431	15892
746	10297
472	6742
787	5436
706	5833
788	4687
473	9753
747	7559
86	9991
432	5088
748	4268
474	9009
707	8379
433	8131
789	2432
160	5384
708	3708
475	5198
434	5264
749	4678
48	5840
89	9032
161	6568
476	6760
435	8869
709	3374
436	12186
162	6641
121	8862
477	3280
49	5894
437	3825
163	3075
478	6654
438	3772
479	10296
123	7120
165	8021
439	3912
125	5978
166	5670
167	4508
126	6844
1340	2295
168	5610
127	4262
1381	10683
169	12581
1382	2703
1300	5006
1342	2511
1301	2785
129	11851
fulfillment_location	0
1383	2410
1302	4491
1343	5672
1303	2904
1385	4560
1304	6117
1386	4113
7	18647
1305	7489
8	18185
1306	5721
1388	4329
9	11839
1347	4587
1307	3089
1389	3452
1349	2914
1308	4373
1309	3903
590	3853
550	3405
591	4943
510	7323
592	4951
551	8068
552	6715
511	5189
593	2678
553	2570
512	15721
280	24881
595	9394
513	7463
555	4870
514	3387
281	12610
240	6076
596	4662
200	3822
556	2243
282	6320
241	10100
515	8327
283	9892
557	3895
598	5516
516	7682
242	7717
201	5261
243	4065
517	4403
599	3869
284	5754
202	5861
558	10374
518	6985
244	7129
559	3349
285	7104
245	6415
286	9025
519	12309
204	8862
205	10924
246	14612
287	5199
247	4971
206	10352
288	6437
1461	3154
248	8667
289	6141
1420	3590
1421	4627
1462	3409
249	5015
208	7813
1422	3875
209	12516
1463	5432
1190	5040
1191	1946
1424	2534
1465	3686
1425	9246
1151	2872
1110	2318
1466	4098
1192	5308
1426	3081
1111	3131
1467	5176
1193	5684
1152	3455
1112	2389
1468	3023
1153	5363
1194	2936
1428	3436
1113	6330
1469	3478
1195	5874
1429	3136
1155	2576
1196	3529
1115	6357
1156	4943
1197	3149
1198	3213
1157	7469
1117	2402
1158	9259
1199	4065
1118	4658
1159	4318
1119	4577
1070	2163
1030	2689
1071	4861
1031	6098
1072	6066
1032	4798
1073	3922
1033	4003
1075	1956
1034	4815
1035	7355
1076	4145
1036	6308
1077	6406
1078	3265
1037	3341
1079	3938
1038	2359
981	10221
982	10191
983	20259
985	9774
986	6036
671	8931
630	4352
987	6253
672	9463
631	11792
673	3887
632	10888
988	7331
989	4657
674	4125
633	7561
675	5124
634	6253
360	7894
361	3859
320	5401
677	3984
636	4567
362	5177
321	18827
322	15751
678	3409
363	6290
323	8250
364	3116
638	3214
679	6717
365	4861
639	14718
324	5127
366	9453
325	5854
326	5849
367	4043
368	3258
327	7521
369	4605
1500	5503
328	6448
1501	2076
329	7124
1502	1818
1270	4386
1503	2832
1504	4823
1271	7634
1230	4850
1231	3317
1272	4820
1506	6384
1232	2760
1507	3514
1233	6858
1234	3322
1508	3765
1549	6082
1275	3502
1276	3382
1235	5051
1236	6849
1277	6611
1237	4174
1279	2622
1238	5555
790	7072
710	6147
711	4362
91	7703
752	3364
712	8456
753	4890
10	24822
795	5697
480	5920
713	3829
52	4532
11	17194
440	6016
481	8215
714	3503
796	2722
755	17648
797	2142
441	5720
482	4736
756	6503
95	4598
715	8066
54	5352
798	5058
442	7116
401	6076
483	4290
757	4742
96	4553
716	4436
55	4947
14	5655
717	6725
799	6516
484	6163
402	4245
97	15890
758	5558
443	7374
444	6203
485	4620
170	3791
718	2758
759	3683
57	6429
403	4940
486	5530
719	6343
445	4234
99	30813
17	8433
171	6236
130	11808
487	4639
172	4186
59	8427
405	6133
446	7871
18	6612
19	4395
488	3721
447	4848
406	4303
173	4116
132	6570
407	7430
489	4394
174	5576
449	3807
408	9458
134	11830
175	15042
176	8756
409	4439
177	10078
1390	2965
136	2886
1391	2802
1350	2680
178	4958
1310	5566
138	7161
179	6718
1352	8166
139	5321
1393	2657
1353	3528
1312	4875
1394	9611
1313	4270
1354	2867
1395	3491
1314	3097
1396	3040
1355	4660
1356	5287
1397	4710
1315	8752
1316	4417
1357	3845
1358	3146
1317	3402
1399	3439
1359	2624
1318	2764
1319	4591
560	8914
520	5486
521	3314
562	14887
563	4596
522	6214
564	6252
290	5380
523	5171
565	3028
291	8110
524	4352
292	5651
210	7660
525	6366
251	6306
252	7627
211	3124
526	8119
567	3099
293	5943
568	4270
212	4448
253	8045
527	3523
213	6203
569	5755
295	4967
528	7427
254	5069
529	9721
214	6845
296	12557
255	11573
256	4984
297	3107
215	4905
298	7235
216	9826
1470	5469
257	5432
1430	2644
258	4697
217	5824
299	9512
1431	3520
218	3987
259	6094
1473	6849
1432	4834
219	10906
1474	4952
1160	4799
1434	3766
1161	4738
1476	4228
1435	2165
1436	2413
1162	4611
1121	4385
1122	4239
1163	5639
1437	2290
1438	2497
1164	3166
1123	5145
1439	2915
1165	4872
1124	4251
1125	5635
1166	3124
1126	2542
1167	2996
1168	7310
1127	5790
1128	3872
1169	4365
1081	5654
1040	10763
1041	7035
1082	5556
1042	4523
1083	3579
1043	6755
1084	3506
1002	4749
1003	4118
1085	3664
1044	3510
1086	4720
1004	5018
1045	10011
1087	5376
1046	5116
1005	10293
1047	6998
1006	3832
1089	3486
1048	6747
1007	3100
1008	5586
1049	3915
1009	3892
990	6812
991	5297
951	10890
992	2117
952	5446
993	2903
953	5369
954	5281
680	8929
995	3534
996	4402
681	12655
955	6842
640	7161
600	3035
682	5221
956	4696
641	8129
997	3426
957	3943
683	4362
998	5602
642	7193
601	13991
958	7686
643	7830
602	5460
685	4309
370	4241
644	7155
603	4084
645	3235
371	6464
686	4907
604	4966
330	4187
372	5722
331	10649
646	4892
687	2964
605	4395
332	10548
373	5999
647	10544
688	7167
606	6431
607	11003
374	16756
689	9517
648	6414
333	17145
649	6358
334	17347
608	7222
609	4451
376	4926
335	8476
377	7911
336	3341
337	13642
1550	5290
378	13910
1510	2369
338	12232
379	5106
339	10935
1280	3401
1554	4892
1555	3202
1240	2783
1281	6108
1515	3626
1200	2147
1282	8740
1241	9334
1283	7360
1201	3594
1516	3284
1242	4667
1202	2471
1517	2489
1243	4970
1284	3157
1518	3715
1203	2916
1285	2926
1519	2916
1286	5198
1204	8289
1245	6257
1205	3005
1287	2730
1246	3909
1247	7360
1288	3139
1248	5470
1207	2503
1249	5594
1209	6192
760	4392
720	6923
761	6402
721	4001
762	5129
60	6832
763	3715
722	6041
62	17117
490	5842
723	6035
765	9043
63	9981
450	8860
491	5201
724	5516
766	10476
492	8882
451	3748
64	16855
725	12195
767	11902
452	4250
65	9432
726	3220
493	10711
411	8710
66	7252
25	5606
494	4413
453	3892
727	6317
768	4078
413	4110
454	8579
180	3770
728	4375
495	6140
67	5640
769	14252
729	5760
455	4349
496	6742
414	3761
68	21159
140	9523
141	3217
182	6539
456	2425
415	8494
416	6235
183	8710
101	10182
142	10081
457	3146
184	6334
143	1976
102	9261
458	5546
417	15441
185	2744
459	10540
418	16901
103	13733
419	6816
186	4323
104	3176
187	4648
105	11753
188	5026
1360	5256
147	6030
106	4114
1361	3077
189	4854
1320	4140
148	5903
107	4211
149	3192
1362	5187
108	4548
109	5610
1363	4049
1322	3594
1364	2975
1324	3782
1365	2812
1366	1877
1326	2330
1367	2333
1327	4694
1328	8897
1329	3989
570	5834
571	6714
530	15572
531	4913
532	18460
533	7146
574	13084
260	6701
534	6422
575	3652
576	9356
220	9535
535	4338
536	6926
262	4403
221	16368
577	5051
537	5084
263	4155
222	7424
223	10181
579	10994
264	12984
538	7909
265	4151
539	8888
224	8297
266	4689
225	7097
267	4134
226	4248
1480	3084
1440	3058
268	13561
227	7080
1481	6467
1482	5292
1441	4138
269	7285
228	4918
1400	3244
1401	3544
1442	2338
229	21983
1483	3574
1484	2833
1443	3242
1403	2140
1445	1802
1171	2087
1404	3779
1130	2468
1487	3733
1405	5320
1172	5346
1447	3512
1132	4150
1173	4833
1448	2671
1407	1543
1133	4065
1174	5348
1408	3213
1134	2314
1175	3244
1135	3716
1176	2284
1409	3852
1177	1916
1136	3310
1137	4819
1178	2905
1179	2931
1138	2079
1139	2360
1091	1985
1050	7328
1010	6284
1051	3871
1092	4498
1093	3502
1052	8018
1011	4196
1012	7489
1053	3390
1094	7285
1095	3195
1054	16676
1013	7440
1014	5508
1096	6038
1055	3410
1015	8194
1056	4621
1097	5675
1098	3810
1057	4246
1016	4218
1058	3099
1017	4613
1018	4591
1059	4944
1019	6191
960	3442
962	8178
963	13919
964	10017
690	5518
691	8591
650	5257
692	10003
610	4767
967	5838
611	7037
693	6878
652	7287
694	11359
653	2783
968	4181
612	10352
695	7789
969	3844
613	7269
654	5587
380	9963
614	5601
696	2722
655	7945
381	9658
340	4401
656	5428
382	8535
615	6692
697	3421
341	9356
301	9878
383	7086
342	4047
657	4124
698	3212
616	7258
658	2756
302	3162
343	4920
699	5168
384	10405
385	8129
344	9308
659	3614
303	3770
618	13811
304	4682
619	6522
386	8247
345	8733
346	6650
305	5252
387	9867
388	7906
306	5131
347	14969
1520	3505
389	5380
348	7433
307	4817
1521	5625
349	3006
308	5442
1522	1719
1290	6237
1250	4003
1291	3185
1525	2383
1292	6072
1293	2598
1211	5129
1294	2672
1212	7155
1253	7176
1295	8377
1529	3724
1255	4551
1215	3232
1256	6996
1216	2706
1257	6666
1217	6418
1219	2088
770	5246
771	5586
730	6020
70	4963
772	13323
731	9632
773	3812
732	4301
71	7547
31	5553
774	3069
733	6767
72	6792
775	5007
32	4013
460	4889
734	13677
73	8535
420	5695
33	5133
776	5754
735	4396
461	9330
34	6034
421	5923
777	4168
736	4587
75	5241
462	7680
778	3196
35	5160
463	6569
737	4931
422	6459
190	5190
77	4609
779	4825
738	4496
464	4036
423	5976
191	3418
739	5308
465	4633
37	12464
424	8598
425	3683
79	4171
192	5373
466	4586
110	6669
39	12499
467	8503
193	2486
426	4430
111	4090
153	4956
468	4119
427	5540
112	5605
154	5480
469	14607
195	3220
428	9677
113	6448
196	2696
114	4022
429	6934
155	13121
115	3177
197	3166
156	6805
198	3520
1370	2677
117	4117
1371	2761
1330	4708
158	6421
1331	2625
159	4925
1372	1892
118	6863
1332	3250
119	4564
1373	4437
1374	3338
1334	2428
1376	3964
1377	3390
1378	2493
1379	2752
580	9340
540	8027
581	8634
541	9197
500	4722
501	13403
542	5447
583	5896
543	24505
502	8000
584	13553
503	14895
544	3942
585	6192
270	7386
504	12567
230	5247
586	3504
545	4376
271	6039
546	9269
231	7543
272	9043
505	5610
587	4442
588	6126
547	17646
232	6486
273	7802
506	5071
507	4476
233	4133
589	3590
274	4633
548	4291
508	5860
549	9795
275	14480
234	5022
235	6334
276	6169
509	2142
277	8081
236	5640
278	4426
237	16177
1410	3514
1492	3460
238	12490
279	6209
1493	3135
1411	4694
1452	6465
239	16422
1494	2345
1453	3800
1454	4173
1413	3861
1180	4307
1414	3977
1455	2973
1181	6525
1140	4114
1456	2985
1141	3781
1497	3030
1182	18500
1415	2088
1498	4774
1416	2607
1457	4897
1183	3383
1142	5341
1499	7193
1143	4914
1458	2125
1184	5291
1102	5503
1144	3069
1103	2790
1185	6165
1418	9816
1419	4622
1104	4817
1186	8107
1145	5211
1105	3820
1146	4645
1187	3293
1106	3613
1188	2200
1147	6200
1189	13799
1107	2611
1149	4748
1108	2960
1109	3700
1060	3352
1020	2991
1021	4206
1062	3532
1063	4911
1022	4240
1023	3768
1064	5220
1024	7579
1065	3319
1066	11932
1025	6124
1067	6169
1026	6842
1027	3370
1068	2941
1028	4836
1069	5505
1029	4857
970	10865
971	6389
973	12559
974	4145
660	4060
975	4741
661	8063
976	2341
620	4893
621	4915
977	7660
662	8767
978	8079
622	4849
663	6093
664	6112
390	9736
623	11437
350	6646
665	9074
624	11004
391	6898
625	12579
310	9511
392	9262
351	6034
352	6615
626	11266
311	5536
667	5750
393	15507
668	3636
312	6398
353	6138
627	6360
394	4427
395	7532
313	9502
354	11838
669	5370
355	3873
396	9421
314	8719
356	14655
315	8860
397	14056
398	6279
357	7470
316	5103
1530	2902
358	4595
399	9400
317	6459
359	9435
318	6241
319	4551
1261	3449
1262	3509
1221	5030
1222	5044
1223	5137
1264	4210
1224	11231
1265	8226
1225	3126
1266	5810
1226	4589
1267	4370
1227	3960
1268	3748
1269	7654
1228	9286
1229	7826
