8610	0.449834
8612	0.599125
8613	0.767578
8630	0.138553
8618	0.497979
8631	0.242424
8632	0.239006
8633	0.458399
8173	0.584791
8634	0.187177
8636	0.294835
8637	0.232493
8639	0.2019
8654	0.227871
8655	0.191248
8657	0.464458
8671	0.383112
8672	0.256773
8673	0.651865
8674	0.437428
8675	0.291681
8679	0.213368
8601	0.140445
8603	0.142291
8604	0.285144
8620	0.238953
8608	0.391036
8621	0.631579
8623	0.305892
8624	0.293304
8626	0.161579
8628	0.183226
8641	0.209881
8629	0.295197
8643	0.594912
8645	0.481972
8646	0.317518
8668	0.190916
8669	0.396472
